  2.0000000e+000  1.4000000e+001  1.0361574e+001  1.3000000e+001  2.0723149e+000
  2.0000000e+000  1.4000000e+001  4.6783690e+000  1.3000000e+001  9.3567381e-001
  1.1000000e+001  2.3000000e+001  8.9445108e+000  1.3000000e+001  1.7889022e+000
  1.3000000e+001  2.4000000e+001  8.1078522e+000  1.2000000e+001  1.6215704e+000
  1.8000000e+001  2.4000000e+001  1.2346613e+001  7.0000000e+000  2.4693225e+000
  1.2000000e+001  2.4000000e+001  2.5701974e+000  1.3000000e+001  5.1403947e-001
  8.0000000e+000  2.0000000e+001  7.6566751e+000  1.3000000e+001  1.5313350e+000
  1.3000000e+001  2.4000000e+001  1.0714041e+000  1.2000000e+001  2.1428081e-001
  1.0000000e+000  1.3000000e+001  6.9685083e+000  1.3000000e+001  1.3937017e+000
  5.0000000e+000  1.7000000e+001  1.0830709e+001  1.3000000e+001  2.1661418e+000
  1.5000000e+001  2.4000000e+001  5.2093861e-001  1.0000000e+001  1.0418772e-001
  1.8000000e+001  2.4000000e+001  4.2158136e+000  7.0000000e+000  8.4316273e-001
  1.1000000e+001  2.3000000e+001  9.0796757e+000  1.3000000e+001  1.8159351e+000
  1.0000000e+000  1.3000000e+001  1.1011979e+001  1.3000000e+001  2.2023959e+000
  1.0000000e+000  1.3000000e+001  6.4115023e+000  1.3000000e+001  1.2823005e+000
  1.9000000e+001  2.4000000e+001  1.2732923e+001  6.0000000e+000  2.5465845e+000
  1.9000000e+001  2.4000000e+001  5.4865937e+000  6.0000000e+000  1.0973187e+000
  8.0000000e+000  2.0000000e+001  3.4220193e+000  1.3000000e+001  6.8440385e-001
  1.6000000e+001  2.4000000e+001  6.0537841e+000  9.0000000e+000  1.2107568e+000
  1.9000000e+001  2.4000000e+001  2.0588202e+000  6.0000000e+000  4.1176405e-001
  8.0000000e+000  2.0000000e+001  2.0338920e+000  1.3000000e+001  4.0677840e-001
  1.4000000e+001  2.4000000e+001  3.4347772e+000  1.1000000e+001  6.8695544e-001
  1.6000000e+001  2.4000000e+001  9.6911368e+000  9.0000000e+000  1.9382274e+000
  3.0000000e+000  1.4000000e+001  7.7974276e+000  1.2000000e+001  1.5594855e+000
  2.0000000e+000  1.3000000e+001  1.2376743e+001  1.2000000e+001  2.4753486e+000
  1.4000000e+001  2.4000000e+001  9.8985058e+000  1.1000000e+001  1.9797012e+000
  5.0000000e+000  1.6000000e+001  7.3326666e+000  1.2000000e+001  1.4665333e+000
  1.5000000e+001  2.4000000e+001  5.7628609e+000  1.0000000e+001  1.1525722e+000
  2.0000000e+000  1.3000000e+001  3.6743306e+000  1.2000000e+001  7.3486612e-001
  1.6000000e+001  2.4000000e+001  9.6305484e+000  9.0000000e+000  1.9261097e+000
  1.4000000e+001  2.4000000e+001  1.2077845e+000  1.1000000e+001  2.4155689e-001
  7.0000000e+000  1.8000000e+001  1.3668576e+000  1.2000000e+001  2.7337152e-001
  1.2000000e+001  2.3000000e+001  9.4066385e+000  1.2000000e+001  1.8813277e+000
  6.0000000e+000  1.7000000e+001  4.5387779e+000  1.2000000e+001  9.0775559e-001
  8.0000000e+000  1.9000000e+001  7.4321101e+000  1.2000000e+001  1.4864220e+000
  1.9000000e+001  2.4000000e+001  3.8253496e+000  6.0000000e+000  7.6506991e-001
  2.0000000e+001  2.4000000e+001  9.1351161e+000  5.0000000e+000  1.8270232e+000
  1.7000000e+001  2.4000000e+001  4.6142234e+000  8.0000000e+000  9.2284467e-001
  1.2000000e+001  2.3000000e+001  9.1962819e+000  1.2000000e+001  1.8392564e+000
  1.0000000e+000  1.2000000e+001  1.2740144e+001  1.2000000e+001  2.5480288e+000
  1.3000000e+001  2.4000000e+001  1.0713613e+000  1.2000000e+001  2.1427227e-001
  2.0000000e+000  1.3000000e+001  5.9930355e+000  1.2000000e+001  1.1986071e+000
  2.0000000e+000  1.3000000e+001  1.2006791e+000  1.2000000e+001  2.4013583e-001
  1.2000000e+001  2.3000000e+001  9.2821818e+000  1.2000000e+001  1.8564364e+000
  1.3000000e+001  2.4000000e+001  1.1674182e+001  1.2000000e+001  2.3348363e+000
  1.9000000e+001  2.4000000e+001  1.1061047e+000  6.0000000e+000  2.2122095e-001
  1.0000000e+001  2.0000000e+001  6.6553714e+000  1.1000000e+001  1.3310743e+000
  1.0000000e+001  2.0000000e+001  7.0736768e+000  1.1000000e+001  1.4147354e+000
  4.0000000e+000  1.4000000e+001  8.7699077e+000  1.1000000e+001  1.7539815e+000
  1.8000000e+001  2.4000000e+001  3.8355812e+000  7.0000000e+000  7.6711624e-001
  9.0000000e+000  1.9000000e+001  7.7040348e+000  1.1000000e+001  1.5408070e+000
  1.0000000e+000  1.1000000e+001  2.5408500e+000  1.1000000e+001  5.0817000e-001
  1.4000000e+001  2.4000000e+001  8.4064949e+000  1.1000000e+001  1.6812990e+000
  8.0000000e+000  1.8000000e+001  8.9389704e+000  1.1000000e+001  1.7877941e+000
  1.0000000e+000  1.1000000e+001  5.8839089e+000  1.1000000e+001  1.1767818e+000
  1.0000000e+001  2.0000000e+001  2.0180374e+000  1.1000000e+001  4.0360747e-001
  7.0000000e+000  1.7000000e+001  5.3988585e+000  1.1000000e+001  1.0797717e+000
  1.0000000e+000  1.1000000e+001  7.6294959e+000  1.1000000e+001  1.5258992e+000
  7.0000000e+000  1.7000000e+001  4.1258432e+000  1.1000000e+001  8.2516863e-001
  1.9000000e+001  2.4000000e+001  1.0633329e+001  6.0000000e+000  2.1266658e+000
  7.0000000e+000  1.7000000e+001  1.5703681e+000  1.1000000e+001  3.1407362e-001
  9.0000000e+000  1.9000000e+001  3.2151130e+000  1.1000000e+001  6.4302260e-001
  1.9000000e+001  2.4000000e+001  1.2001376e+001  6.0000000e+000  2.4002752e+000
  4.0000000e+000  1.3000000e+001  8.3866651e+000  1.0000000e+001  1.6773330e+000
  1.5000000e+001  2.4000000e+001  9.6372591e+000  1.0000000e+001  1.9274518e+000
  4.0000000e+000  1.3000000e+001  1.0378989e+001  1.0000000e+001  2.0757978e+000
  9.0000000e+000  1.8000000e+001  6.1986199e-001  1.0000000e+001  1.2397240e-001
  6.0000000e+000  1.5000000e+001  5.3082770e+000  1.0000000e+001  1.0616554e+000
  1.6000000e+001  2.4000000e+001  9.2862599e+000  9.0000000e+000  1.8572520e+000
  1.3000000e+001  2.2000000e+001  1.7797633e+000  1.0000000e+001  3.5595267e-001
  1.4000000e+001  2.3000000e+001  8.0967329e+000  1.0000000e+001  1.6193466e+000
  1.4000000e+001  2.3000000e+001  3.1594683e+000  1.0000000e+001  6.3189365e-001
  1.4000000e+001  2.3000000e+001  1.0751645e+001  1.0000000e+001  2.1503290e+000
  8.0000000e+000  1.7000000e+001  1.0709387e+001  1.0000000e+001  2.1418773e+000
  1.5000000e+001  2.4000000e+001  5.7993270e+000  1.0000000e+001  1.1598654e+000
  1.9000000e+001  2.4000000e+001  5.0529118e+000  6.0000000e+000  1.0105824e+000
  5.0000000e+000  1.4000000e+001  1.2308420e+001  1.0000000e+001  2.4616840e+000
  5.0000000e+000  1.4000000e+001  1.0468227e-001  1.0000000e+001  2.0936454e-002
  1.7000000e+001  2.4000000e+001  5.1000152e+000  8.0000000e+000  1.0200030e+000
  1.9000000e+001  2.4000000e+001  6.2434851e+000  6.0000000e+000  1.2486970e+000
  1.4000000e+001  2.3000000e+001  7.9121506e+000  1.0000000e+001  1.5824301e+000
  3.0000000e+000  1.2000000e+001  8.9612792e-001  1.0000000e+001  1.7922558e-001
  1.9000000e+001  2.4000000e+001  1.8264054e+000  6.0000000e+000  3.6528107e-001
  1.0000000e+000  1.0000000e+001  8.3741009e+000  1.0000000e+001  1.6748202e+000
  6.0000000e+000  1.5000000e+001  2.7944908e+000  1.0000000e+001  5.5889816e-001
  8.0000000e+000  1.7000000e+001  1.5248887e+000  1.0000000e+001  3.0497774e-001
  1.1000000e+001  2.0000000e+001  5.5215489e-001  1.0000000e+001  1.1043098e-001
  8.0000000e+000  1.6000000e+001  2.1191447e+000  9.0000000e+000  4.2382894e-001
  1.9000000e+001  2.4000000e+001  6.5421556e+000  6.0000000e+000  1.3084311e+000
  2.0000000e+000  1.0000000e+001  1.1101031e+001  9.0000000e+000  2.2202061e+000
  1.9000000e+001  2.4000000e+001  9.8081374e+000  6.0000000e+000  1.9616275e+000
  1.3000000e+001  2.1000000e+001  1.7273718e+000  9.0000000e+000  3.4547437e-001
  1.4000000e+001  2.2000000e+001  8.3098467e-001  9.0000000e+000  1.6619693e-001
  2.0000000e+000  1.0000000e+001  8.6072954e+000  9.0000000e+000  1.7214591e+000
  2.0000000e+001  2.4000000e+001  6.1722486e+000  5.0000000e+000  1.2344497e+000
  8.0000000e+000  1.6000000e+001  6.3413493e+000  9.0000000e+000  1.2682699e+000
  1.0000000e+000  9.0000000e+000  4.0125909e+000  9.0000000e+000  8.0251818e-001
  1.2000000e+001  2.0000000e+001  4.1408124e+000  9.0000000e+000  8.2816248e-001
  6.0000000e+000  1.4000000e+001  1.1636497e+001  9.0000000e+000  2.3272994e+000
  2.0000000e+000  1.0000000e+001  5.7643088e+000  9.0000000e+000  1.1528618e+000
  3.0000000e+000  1.1000000e+001  9.5825382e+000  9.0000000e+000  1.9165076e+000
  1.3000000e+001  2.1000000e+001  2.3712426e+000  9.0000000e+000  4.7424852e-001
  1.1000000e+001  1.9000000e+001  1.0870019e+000  9.0000000e+000  2.1740037e-001
  1.6000000e+001  2.4000000e+001  2.6499738e+000  9.0000000e+000  5.2999476e-001
  1.3000000e+001  2.1000000e+001  7.1541205e+000  9.0000000e+000  1.4308241e+000
  7.0000000e+000  1.5000000e+001  8.4697656e+000  9.0000000e+000  1.6939531e+000
  1.6000000e+001  2.4000000e+001  1.2021928e+001  9.0000000e+000  2.4043857e+000
  4.0000000e+000  1.2000000e+001  5.1514079e-001  9.0000000e+000  1.0302816e-001
  1.4000000e+001  2.1000000e+001  2.0948288e+000  8.0000000e+000  4.1896576e-001
  1.4000000e+001  2.1000000e+001  5.6079788e+000  8.0000000e+000  1.1215958e+000
  1.0000000e+000  8.0000000e+000  4.1685453e+000  8.0000000e+000  8.3370907e-001
  1.6000000e+001  2.3000000e+001  1.1511342e+000  8.0000000e+000  2.3022685e-001
  1.5000000e+001  2.2000000e+001  1.0372091e+001  8.0000000e+000  2.0744183e+000
  1.8000000e+001  2.4000000e+001  5.1143549e+000  7.0000000e+000  1.0228710e+000
  1.1000000e+001  1.8000000e+001  8.3880230e+000  8.0000000e+000  1.6776046e+000
  1.1000000e+001  1.8000000e+001  7.2555968e+000  8.0000000e+000  1.4511194e+000
  1.2000000e+001  1.9000000e+001  3.9959864e-002  8.0000000e+000  7.9919728e-003
  2.0000000e+000  9.0000000e+000  8.3372990e+000  8.0000000e+000  1.6674598e+000
  5.0000000e+000  1.2000000e+001  4.0588460e+000  8.0000000e+000  8.1176920e-001
  1.1000000e+001  1.8000000e+001  3.4039531e+000  8.0000000e+000  6.8079062e-001
  9.0000000e+000  1.6000000e+001  5.8937370e+000  8.0000000e+000  1.1787474e+000
  3.0000000e+000  1.0000000e+001  7.9764600e+000  8.0000000e+000  1.5952920e+000
  7.0000000e+000  1.4000000e+001  1.0263724e+001  8.0000000e+000  2.0527448e+000
  6.0000000e+000  1.3000000e+001  7.1829007e+000  8.0000000e+000  1.4365801e+000
  1.8000000e+001  2.4000000e+001  3.1749236e-001  7.0000000e+000  6.3498471e-002
  1.9000000e+001  2.4000000e+001  1.0157318e+001  6.0000000e+000  2.0314635e+000
  6.0000000e+000  1.3000000e+001  3.4955369e+000  8.0000000e+000  6.9910739e-001
  1.1000000e+001  1.8000000e+001  1.0533265e+001  8.0000000e+000  2.1066530e+000
  1.4000000e+001  2.1000000e+001  8.8135012e+000  8.0000000e+000  1.7627002e+000
  9.0000000e+000  1.6000000e+001  7.7299514e+000  8.0000000e+000  1.5459903e+000
  5.0000000e+000  1.2000000e+001  4.9529612e+000  8.0000000e+000  9.9059224e-001
  1.1000000e+001  1.7000000e+001  8.3885233e-001  7.0000000e+000  1.6777047e-001
  5.0000000e+000  1.1000000e+001  1.2781995e+001  7.0000000e+000  2.5563991e+000
  1.4000000e+001  2.0000000e+001  8.4613619e+000  7.0000000e+000  1.6922724e+000
  1.3000000e+001  1.9000000e+001  2.9334054e+000  7.0000000e+000  5.8668109e-001
  1.2000000e+001  1.8000000e+001  1.1808586e+000  7.0000000e+000  2.3617171e-001
  1.8000000e+001  2.4000000e+001  3.0845269e+000  7.0000000e+000  6.1690538e-001
  6.0000000e+000  1.2000000e+001  1.1552892e+001  7.0000000e+000  2.3105783e+000
  1.8000000e+001  2.4000000e+001  2.7820543e+000  7.0000000e+000  5.5641085e-001
  1.7000000e+001  2.3000000e+001  6.1378912e+000  7.0000000e+000  1.2275782e+000
  1.3000000e+001  1.9000000e+001  1.1638122e+001  7.0000000e+000  2.3276244e+000
  1.0000000e+000  7.0000000e+000  2.4804153e+000  7.0000000e+000  4.9608305e-001
  1.0000000e+001  1.6000000e+001  5.7342414e+000  7.0000000e+000  1.1468483e+000
  1.6000000e+001  2.2000000e+001  7.9078411e+000  7.0000000e+000  1.5815682e+000
  1.3000000e+001  1.9000000e+001  7.6059268e+000  7.0000000e+000  1.5211854e+000
  7.0000000e+000  1.3000000e+001  8.5232284e+000  7.0000000e+000  1.7046457e+000
  9.0000000e+000  1.5000000e+001  3.4263064e+000  7.0000000e+000  6.8526129e-001
  5.0000000e+000  1.1000000e+001  5.4254999e+000  7.0000000e+000  1.0851000e+000
  1.4000000e+001  2.0000000e+001  1.0231345e+001  7.0000000e+000  2.0462689e+000
  7.0000000e+000  1.3000000e+001  1.1933604e+001  7.0000000e+000  2.3867208e+000
  1.0000000e+000  7.0000000e+000  6.0124044e+000  7.0000000e+000  1.2024809e+000
  2.0000000e+000  8.0000000e+000  3.9206834e+000  7.0000000e+000  7.8413667e-001
  5.0000000e+000  1.1000000e+001  5.6239595e+000  7.0000000e+000  1.1247919e+000
  1.6000000e+001  2.2000000e+001  3.9278085e+000  7.0000000e+000  7.8556170e-001
  7.0000000e+000  1.3000000e+001  3.5201661e+000  7.0000000e+000  7.0403321e-001
  2.0000000e+000  8.0000000e+000  1.7759665e+000  7.0000000e+000  3.5519331e-001
  1.5000000e+001  2.1000000e+001  2.1318076e+000  7.0000000e+000  4.2636152e-001
  1.0000000e+000  6.0000000e+000  6.3225266e+000  6.0000000e+000  1.2645053e+000
  9.0000000e+000  1.4000000e+001  1.1082689e+000  6.0000000e+000  2.2165379e-001
  1.0000000e+000  6.0000000e+000  1.1863538e+001  6.0000000e+000  2.3727076e+000
  1.7000000e+001  2.2000000e+001  1.9004960e+000  6.0000000e+000  3.8009920e-001
  1.6000000e+001  2.1000000e+001  2.0541337e+000  6.0000000e+000  4.1082675e-001
  1.2000000e+001  1.7000000e+001  9.1868619e+000  6.0000000e+000  1.8373724e+000
  8.0000000e+000  1.3000000e+001  8.6386491e+000  6.0000000e+000  1.7277298e+000
  9.0000000e+000  1.4000000e+001  4.5890502e+000  6.0000000e+000  9.1781003e-001
  1.0000000e+001  1.5000000e+001  1.1578612e+000  6.0000000e+000  2.3157223e-001
  1.0000000e+000  6.0000000e+000  1.0557498e-001  6.0000000e+000  2.1114995e-002
  2.0000000e+000  7.0000000e+000  4.7715716e+000  6.0000000e+000  9.5431432e-001
  1.7000000e+001  2.2000000e+001  1.0090331e+001  6.0000000e+000  2.0180663e+000
  2.0000000e+001  2.4000000e+001  5.7252615e+000  5.0000000e+000  1.1450523e+000
  2.0000000e+001  2.4000000e+001  1.2751959e+000  5.0000000e+000  2.5503919e-001
  1.0000000e+000  6.0000000e+000  1.0314639e+001  6.0000000e+000  2.0629277e+000
  8.0000000e+000  1.3000000e+001  8.4410238e+000  6.0000000e+000  1.6882048e+000
  1.5000000e+001  2.0000000e+001  5.7902604e+000  6.0000000e+000  1.1580521e+000
  1.0000000e+001  1.5000000e+001  6.8270382e+000  6.0000000e+000  1.3654076e+000
  8.0000000e+000  1.3000000e+001  6.7413086e+000  6.0000000e+000  1.3482617e+000
  1.0000000e+000  6.0000000e+000  8.0599176e+000  6.0000000e+000  1.6119835e+000
  8.0000000e+000  1.3000000e+001  8.2760247e+000  6.0000000e+000  1.6552049e+000
  5.0000000e+000  1.0000000e+001  2.4554334e+000  6.0000000e+000  4.9108667e-001
  1.9000000e+001  2.4000000e+001  1.0262170e+001  6.0000000e+000  2.0524341e+000
  2.0000000e+001  2.4000000e+001  2.5161087e+000  5.0000000e+000  5.0322173e-001
  1.5000000e+001  2.0000000e+001  5.2645586e+000  6.0000000e+000  1.0529117e+000
  1.3000000e+001  1.8000000e+001  3.0168750e+000  6.0000000e+000  6.0337501e-001
  5.0000000e+000  9.0000000e+000  3.4842296e+000  5.0000000e+000  6.9684592e-001
  1.3000000e+001  1.7000000e+001  1.1095672e-001  5.0000000e+000  2.2191345e-002
  1.4000000e+001  1.8000000e+001  1.1881994e+001  5.0000000e+000  2.3763989e+000
  1.9000000e+001  2.3000000e+001  6.6588095e+000  5.0000000e+000  1.3317619e+000
  5.0000000e+000  9.0000000e+000  5.9408078e+000  5.0000000e+000  1.1881616e+000
  7.0000000e+000  1.1000000e+001  6.7011805e+000  5.0000000e+000  1.3402361e+000
  2.0000000e+001  2.4000000e+001  4.3111950e+000  5.0000000e+000  8.6223899e-001
  1.9000000e+001  2.3000000e+001  4.2544505e+000  5.0000000e+000  8.5089011e-001
  3.0000000e+000  7.0000000e+000  1.2650085e+001  5.0000000e+000  2.5300170e+000
  1.9000000e+001  2.3000000e+001  6.0635763e+000  5.0000000e+000  1.2127153e+000
  1.8000000e+001  2.2000000e+001  9.5598200e+000  5.0000000e+000  1.9119640e+000
  1.0000000e+000  5.0000000e+000  8.5754730e+000  5.0000000e+000  1.7150946e+000
  1.4000000e+001  1.8000000e+001  1.0183578e+001  5.0000000e+000  2.0367155e+000
  1.2000000e+001  1.6000000e+001  3.4885558e+000  5.0000000e+000  6.9771117e-001
  3.0000000e+000  7.0000000e+000  3.6341137e+000  5.0000000e+000  7.2682273e-001
  2.0000000e+000  6.0000000e+000  9.1808736e+000  5.0000000e+000  1.8361747e+000
  7.0000000e+000  1.1000000e+001  2.3633551e+000  5.0000000e+000  4.7267102e-001
